2024053016100872
2024053016100881
2024053016100869
2024053016100875
2024053016100879
2024053016100871
2024053016100876
2024053016100874
2024053016100870
2024053116100473
2024053016100884
2024053116100471
2024053016100886
2024053016100893
2024053016100890
2024053116100465
2024053016100889
2024053016100892
2024053016100885
2024053016100880
2024053016100895
2024053016100894
2024053016100898
2024053016100901
2024053016101162
2024053016100878
2024053016100902
2024053016100904
2024053016100896
2024053016100891
2024053016100906
2024053016100903
2024053116100454
2024053016100908
2024053016100970
2024053016100883
2024053016100914
2024053016100915
2024053016100909
2024053016100899
2024053016100918
2024053016100910
2024053016100912
2024053016100916
2024053016101163
2024053116100451
2024053016100925
2024053016100927
2024053116100463
2024053016100913
2024053016100931
2024053116100448
2024053016100919
2024053016100924
2024053016101008
2024053016100887
2024053016100937
2024053016100939
2024053016100920
2024053016100923
2024053016100935
2024053116100464
2024053116100449
2024053013100234
2024053013100494
2024053013100219
2024053013100245
2024053013100249
2024053013100233
2024053013100236
2024053013100246
2024053013100229
2024053013100232
2024053013100239
2024053013100512
2024053013100220
2024053013100254
2024053013100258
2024053013100240
2024053013100244
2024053113100257
2024053013100231
2024053013100237
2024053013100243
2024053013100506
2024053013100221
2024053013100290
2024053013100266
2024053013100248
2024053013100256
2024053013100253
2024053013100235
2024053013100241
2024053013100251
2024053113100261
2024053013100222
2024053013100505
2024053013100271
2024053013100257
2024053013100264
2024053013100262
2024053013100242
2024053013100250
2024053013100261
2024053013100302
2024053013100223
2024053013100295
2024053013100277
2024053013100263
2024053013100272
2024053013100267
2024053113100324
2024053013100259
2024053013100269
2024053013100294
2024053013100224
2024053013100496
2024053013100283
2024053013100270
2024053113100286
2024053013100274
2024053013100252
2024053013100268
2024053013100273
2024053013100288
2024053013100225
2024053013100493
2024053013100286
2024053013100275
2024053013100278
2024053013100279
2024053013100260
2024053013100276
2024053013100280
2024053113100278
2024053013100227
2024053013100498
2024053112100791
2024053012100619
2024053012100620
2024053012100625
2024053012100613
2024053012100618
2024053012100623
2024053012100755
2024053112100794
2024053112100783
2024053012100761
2024053012100621
2024053112100805
2024053012100628
2024053012100616
2024053012100622
2024053012100627
2024053071100292
2024053071100203
2024053171100245
2024053071100291
2024053071100259
2024053171100273
2024053071100231
2024053071100217
2024053171100251
2024053171100268
2024053071100290
2024053071100204
2024053071100215
2024053071100296
2024053071100225
2024053071100222
2024053071100242
2024053071100221
2024053071100224
2024053071100228
2024053071100295
2024053171100266
2024053171100238
2024053071100219
2024053071100229
2024053071100226
2024053171100262
2024053171100274
2024053171100267
2024053071100240
2024053071100301
2024053071100205
2024053171100272
2024053071100297
2024053071100235
2024053171100254
2024053071100249
2024053071100227
2024053071100232
2024053071100248
2024053171100256
2024053171100247
2024053071100294
2024053071100223
2024053071100238
2024053071100233
2024053071100252
2024053071100234
2024053071100241
2024053071100250
2024053071100256
2024053071100207
2024053071100288
2024053071100298
2024053071100243
2024053071100236
2024053071100254
2024053071100239
2024053071100245
2024053071100253
2024053171100270
2024053071100208
2024053171100253
2024053171100269
2024053171100271
2024053171100239
2024053071100257
2024053071100246
2024053071100251
2024053071100255
2024053071100299
2024053071100209
2024053071100287
2024053071100264
2024053071100247
2024053071100244
2024053036100963
2024053136101181
2024053136101148
2024053136101162
2024053136101121
2024053036100929
2024053136101091
2024053136101167
2024053132103391
2024053132103538
2024053132103399
2024053132103596
2024053132103565
2024053136101001
2024053132103621
2024053132103597
2024053132103552
2024053132103416
2024053132103427
2024053132103453
2024053132103394
2024053132103454
2024053132103404
2024053132103461
2024053132103631
2024053132103306
2024053132103502
2024053132103548
2024053132103508
2024053132103499
2024053132103430
2024053132103602
2024053132103396
2024053132103527
2024053132103406
2024053132103451
2024053132103458
2024053132103308
2024053132103455
2024053132103452
2024053132103515
2024053132103535
2024053132103431
2024053132103564
2024053132103397
2024053132103606
2024053132103409
2024053132103435
2024053132103644
2024053032105333
2024053132103311
2024053032105751
2024053132103544
2024053132103897
2024053132103518
2024053132103459
2024053032105365
2024053032105370
2024053132103433
2024053132103470
2024053132103403
2024053132103893
2024053132103896
2024053132103543
2024053132103575
2024053132103894
2024053132103660
2024053132103588
2024053132103608
2024053132103634
2024053032105384
2024053134100252
2024053134100288
2024053134100289
2024053134100265
2024053134100250
2024053134100287
2024053134100266
2024053134100247
2024053134100275
2024053134100286
2024053134100255
2024053133102134
2024053133102132
2024053133101960
2024053133102135
2024053133102139
2024053033101670
2024053133102138
2024053135102340
2024053118100387
2024053118100412
2024053118100385
2024053118100405
2024053118100408
2024053118100390
2024053118100415
2024053118100406
2024053118100410
2024053118100388
2024053118100414
2024053118100413
2024053118100394
2024053118100409
2024053118100422
2024053118100386
2024053118100418
2024053118100419
2024053118100407
2024053118100392
2024053118100417
2024053118100421
2024053118100381
2024053118100411
2024053018100884
2024053018101042
2024053118100416
2024053118100420
2024053018100871
2024053019100106
2024053119100134
2024053019100137
2024053019100114
2024053119100132
2024053019100130
2024053119100120
2024053019100199
2024053019100105
2024053019100103
2024053019100074
2024053019100108
2024053019100110
2024053019100142
2024053019100104
2024053019100125
2024053019100138
2024053019100210
2024053019100203
2024053019100209
2024053019100198
2024053019100080
2024053019100113
2024053019100118
2024053019100147
2024053019100127
2024053019100100
2024053019100141
2024053019100146
2024053019100098
2024053019100122
2024053019100132
2024053019100081
2024053019100123
2024053119100122
2024053019100200
2024053019100136
2024053019100139
2024053019100145
2024053019100207
2024053019100143
2024053019100154
2024053019100197
2024053019100082
2024053119100118
2024053019100202
2024053019100150
2024053019100140
2024053019100144
2024053119100119
2024053119100116
2024053019100179
2024053019100212
2024053019100201
2024053019100083
2024053115100421
2024053015100377
2024053015100384
2024053015100304
2024053015100306
2024053015100371
2024053115100322
2024053015100286
2024053015100378
2024053115100369
2024053015100287
2024053115100357
2024053115100303
2024053015100379
2024053015100305
2024053015100387
2024053015100291
2024053015100380
2024053115100344
2024053015100372
2024053115100361
2024053015100288
2024053015100301
2024053115100420
2024053115100418
2024053115100333
2024053115100415
2024053015100381
2024053015100303
2024053115100419
2024053015100289
2024053015100293
2024053115100422
2024053115100323
2024053015100373
2024053115100350
2024053015100382
2024053115100347
2024053115100416
2024053015100294
2024053115100349
2024053015100308
2024053015100385
2024053015100290
2024053115100353
2024053015100383
2024053115100360
2024053015100320
2024053017100101
2024053117100128
2024053017100103
2024053117100120
2024053017100075
2024053017100071
2024053017100070
2024053117100127
2024053117100114
2024053111100604
2024053111100476
2024053011100235
2024053111100542
2024053011100225
2024053011100161
2024053011100156
2024053111100606
2024053111100611
2024053111100602
2024053111100559
2024053111100620
2024053111100612
2024053011100150
2024053111100610
2024053111100598
2024053111100471
2024053111100609
2024053111100621
2024053011100147
2024053111100601
2024053111100608
2024053111100617
2024053111100616
2024053111100605
2024053111100547
2024053111100515
2024053111100625
2024053011100226
2024053111100507
2024053011100148
2024053111100472
2024053111100618
2024053111100477
2024053011100170
2024053111100521
2024053111100548
2024053111100446
2024053011100160
2024053111100524
2024053011100166
2024053011100149
2024053111100563
2024053011100227
2024053111100520
2024053111100529
2024053111100491
2024053011100146
2024053011100162
2024053111100532
2024053011100165
2024053111100615
2024053011100151
2024053111100502
2024053111100478
2024053111100508
2024053111100530
2024053011100228
2024053111100450
2024053011100145
2024053111100544
2024053111100501
2024053011100153
2024053111100600
2024053111100509
2024053111100534
2024053111100566
2024053111100614
2024053111100517
2024053011100230
2024053111100626
2024053111100513
2024053111100603
2024053111100452
2024053111100613
2024053011100157
2024053111100528
2024053111100624
2024053111100541
2024053111100537
2024053011100231
2024053111100622
2024053011100163
2024053111100475
2024053011100154
2024053111100607
2024053111100479
2024053111100519
2024053111100627
2024053011100171
2024053111100453
2024053111100623
2024053111100551
2024053011100155
2024053011100232
2024053111100543
2024053011100152
2024053111100503
2024053111100561
2024053111100504
2024053111100619
2024053111100506
2024053111100481
2024053111100523
2024053011100158
2024053011100167
2024053111100533
2024053017100073
2024053017100076
2024053017100102
2024053117100103
2024053114100737
2024053014100457
2024053114100739
2024053114100771
2024053114100780
2024053014100461
2024053114100779
2024053114100793
2024053114100707
2024053114100813
2024053014100547
2024053114100722
2024053173103585
2024053173103623
2024053073100372
2024053173103368
2024053173103605
2024053173103723
2024053173103600
2024053173103968
2024053173103638
2024053073100442
2024053073100397
2024053173103484
2024053073100339
2024053173103440
2024053073100363
2024053173103645
2024053173103463
2024053173103689
2024053173103983
2024053173103369
2024053173103533
2024053173103740
2024053073100444
2024053173103621
2024053076100072
2024053176100487
2024053076100073
2024053176100485
2024053176100486
2024053176100496
2024053176100493
2024053176100483
2024053176100491
2024053176100495
2024053076100076
2024053073100375
2024053073100334
2024053073100336
2024053073100342
2024053073100391
2024053073100382
2024053173103371
2024053173103662
2024053173103673
2024053132103492
2024053173103690
2024053173103628
2024053173103981
2024053173103992
2024053073100349
2024053173103606
2024053073100398
2024053173103990
2024053173103472
2024053173103562
2024053173103372
2024053173103642
2024053173103707
2024053173103651
2024053073100373
2024053073100371
2024053073100352
2024053173103551
2024053173103696
2024053173103575
2024053073100445
2024053173103976
2024053173103666
2024053173103470
2024053173103592
2024053073100368
2024053173103996
2024053173103991
2024053173103609
2024053173103987
2024053173103671
2024053073100446
2024053173103438
2024053173103624
2024053173103505
2024053173103447
2024053173103536
2024053173103510
2024053073100392
2024053073100365
2024053173103736
2024053173103626
2024053173103972
2024053073100347
2024053073100447
2024053173103986
2024053173103726
2024053173103485
2024053173103730
2024053073100383
2024053173103637
2024053173103998
2024053173103453
2024053173103491
2024053173103542
2024053073100340
2024053073100448
2024053073100399
2024053173103545
2024053073100353
2024053173103975
2024053173103373
2024053173103553
2024053173103610
2024053173103985
2024053173103688
2024053173103647
2024053173103656
2024053073100449
2024053173103458
2024053073100343
2024053173103568
2024053173103701
2024053173103670
2024053173103492
2024053073100360
2024053173103376
2024053173103712
2024053173103669
2024053173103629
2024053073100337
2024053073100356
2024053173103995
2024053073100374
2024053173103544
2024053173103721
2024053172103020
2024053172103124
2024053172103061
2024053172103090
2024053072100190
2024053072100193
2024053176100492
2024053176100481
2024053176100484
2024053076100077
2024053176100489
2024053176100488
2024053176100490
2024053173103649
2024053173103613
2024053173103466
2024053073100367
2024053173103496
2024053073100393
2024053173103515
2024053173103994
2024053173103982
2024053173103380
2024053173103612
2024053173103728
2024053173103549
2024053173103653
2024053173104000
2024053173103705
2024053173103469
2024053173103993
2024053173103989
2024053173103633
2024053173103973
2024053173103383
2024053173103548
2024053073100370
2024053173103988
2024053173103560
2024053173103693
2024053173103634
2024053173103518
2024053073100452
2024053173103473
2024053173103591
2024053173103658
2024053173104001
2024053173103679
2024053173103386
2024053173103556
2024053173103643
2024053173103717
2024053173103501
2024053173103617
2024053173103583
2024053173103599
2024053173103498
2024053173103978
2024053073100348
2024053073100357
2024053173103474
2024053173103528
2024053173103389
2024053173103504
2024053173103661
2024053173103675
2024053073100351
2024053173103664
2024053073100341
2024053173103711
2024053073100358
2024053073100344
2024053173103521
2024053073100354
2024053172103119
2024053172103138
2024053072100196
2024053172103073
2024053172103126
2024053172103136
2024053172102932
2024053172103080
2024053072100191
2024053172103137
2024053072100194
2024053172103104
2024053172103127
2024053172103103
2024053172103082
2024053172103100
2024053172103098
2024053172103133
2024053172103130
2024053172103122
2024053172103183
2024053172103139
2024053172103132
2024053172103102
2024053172103095
2024053172103135
2024053173103734
2024053173103587
2024053173103710
2024053073100338
2024053173103742
2024053173103511
2024053173103636
2024053173103685
2024053173103720
2024053173103604
2024053173103619
2024053173103997
2024053173103640
2024053173103508
2024053173103999
2024053173103984
2024053173104002
2024053173103680
2024053173103648
2024053173103631
2024053073100386
2024053173103516
2024053173103731
2024053173103529
2024053173103565