510224040010
510224040013
510224040014
510224040011
510224040012
510224040015
510224040017
510224040016
510224040018
510724040010
510724040037
510724040014
510724040033
510724040032
510724040036
510724040035
510824040011
510824040004
510824040008
510824040014
510824040015
510824040009
510824040018
510824040019
510824040012
510824040022
510824040030
510824040005
510824040006
510824040002
510824040023
510824040001
510824040020
510824040025
510824040026
510824040027
510824040003
510824040021
510824040024
510924040020
510924040019
511024040037
511024040036
511024040039
511024040035
511024040038
511124040013
511124040005
511124040017
511124040012
511124040008
511124040009
511124040011
511124040001
511124040004
511124040018
511124040019
511124040015
511124040006
511124040003
511124040016
530424040028
530424040027
540124040013
540124040014
540124040019
540124040020
540124040001
540124040002
540124040004
540124040017
540124040015
540124040025
540124040008
540124040024
540224040013
540224040001
540224040002
540224040006
540224040005
540224040007
540224040008
540424040011
540424040007
540424040008
540424040028
540424040023
540424040009
540424040013
540424040024
540424040005
540424040006
540424040021
540424040019
540424040020
540424040022
540424040018
540424040034
540424040042
540424040033
540424040030
540424040040
540524040028
540624040002
540624040020
540624040001
540624040009
540624040022
540624040023
540624040024
540624040031
540724040003
540724040018
540724040019
540724040007
540724040011
540724040017
540724040010
540724040012
540724040005
540824040016
540824040017
540824040001
540824040015
540824040012
540824040020
541024040012
541024040014
541024040009
541024040016
541024040006
541024040010
541024040013
541024040015
541024040002
542024040010
542024040035
553024040018
553024040030
553024040039
553024040037
553024040041
553024040025
553024040040
553024040019
553024040005
553024040029
553024040035
553024040007
553024040036
553024040017
553024040027
553024040032
553024040006
630424040015
630424040097
630424040017
630424040001
630424040013
630424040056
630424040032
630424040023
630424040031
630424040061
630424040062
630424040095
630424040010
630424040125
630424040051
630424040048
630424040084
630424040019
630424040014
630424040118
630424040107
630424040100
630424040115
630424040113
630424040119
630424040102
630424040092
630424040099
630424040049
630424040098
630424040108
630424040082
630424040076
630424040027
630424040025
630424040072
630424040126
630424040057
630424040093
630424040109
630424040106
630424040083
630424040086
630424040121
630424040096
630424040016
630424040041
630424040052
630424040046
630424040045
630424040066
630424040069
630424040080
630424040081
630424040079
630424040103
630424040055
630424040065
630424040110
630424040122
630424040002
630424040058
630424040112
630424040018
630424040089
630424040003
630424040006
630424040007
630424040127
630424040008
630424040011
630824040048
630824040050
630824040046
630824040045
630824040049
110024040019
110024040025
110024040021
110024040023
110024040024
110224040004
110224040041
110224040016
120124040025
120124040003
200124040007
200124040005
200124040056
200124040059
200124040030
200124040063
200124040009
200124040012
200124040017
200124040031
200124040035
200124040061
200124040072
200224040004
200224040009
200224040070
200224040078
200224040010
200224040024
200224040039
200224040065
200224040083
200224040061
200224040071
200224040025
200224040051
200224040063
209924040022
209924040006
209924040064
209924040074
209924040082
209924040097
209924040062
209924040091
209924040087
210024040051
210024040052
210024040041
220024040121
220024040139
220124040027
220124040035
230324040048
240024040035
240324040001
240324040103
240324040023
240324040072
240324040085
240324040046
240324040098
240324040100
241024040030
241024040052
241024040051
241024040053
241124040033
241124040030
260324040034
260324040057
300024040011
300024040045
300024040001
300024040006
300024040008
300024040030
300024040023
300024040026
300024040003
300124040002
300124040018
310024040020
310324040009
310324040015
320024040023
320024040031
330024040001
330024040011
410224040020
500024040033
500024040045
500024040018
500024040055
500024040006
500024040024
500024040020
500024040023
500024040035
500124040039
500124040044
500124040040
500124040042
500124040043
500124040024
500124040060
500124040051
500124040015
500124040030
500124040074
500624040002
500624040004
501024040032
501324040013
501324040014
501324040003
501324040002
501324040009
501324040010
520124040005
520124040013
520124040027
520124040031
520124040001
520124040004
520124040003
520124040007
520124040024
520124040029
520124040014
520124040025
520124040015
520124040018
520124040017
520124040019
520124040020
520124040021
520124040022
520124040023
520124040030
520124040002
520124040008
520124040011
520124040009
520124040010
520224040005
520224040021
520224040058
520224040060
520224040057
520224040059
520424040002
520424040034
520424040031
520424040057
520424040049
520524040001
520524040009
520524040016
520524040007
520524040013
520524040014
520524040018
520524040004
520524040008
520524040006
520524040022
520524040020
520524040011
520524040003
520524040015
520524040005
520524040012
520524040010
530024040004
530024040008
530024040009
530024040021
530024040020
530024040001
530024040017
530024040012
530024040013
530024040005
530024040006
530024040007
530024040003
530024040018
530024040022
530324040003
530324040002
530324040011
530324040013
530324040012
530524040010
530524040001
530524040006
530624040006
530624040009
530624040012
530624040014
530624040013
530624040015
530624040017
530624040016
530624040024
530624040023
530624040004
530624040008
530624040010
530624040028
530624040025
530624040022
530724040003
530724040005
530724040001
530724040007
530724040015
530724040008
530724040006
530724040002
530724040004
532124040003
532124040006
532124040007
532124040009
532124040002
532124040001
532124040011
532124040010
532124040005
551024040005
551024040028
551424040018
561024040004
561024040003
561024040015
561024040016
561024040031
561024040012
561024040017
561024040032
561024040034
561024040035
561024040036
561024040001
561024040076
561024040077
561024040005
561024040037
561024040033
561024040080
561024040007
561024040011
561024040078
561024040079
561124040001
561124040018
561124040003
561124040007
561124040009
561124040006
561124040017
561224040002
561224040001
561224040006
561324040018
561324040010
561324040001
561524040069
561524040066
562124040003
562124040012
562124040019
562124040011
562124040016
562124040027
562124040021
562124040058
562124040038
562124040046
562124040039
562124040045
562124040057
562124040031
562124040030
562124040049
562124040054
562124040047
562124040059
562124040018
562124040006
562124040022
562124040051
562124040040
562124040007
562124040035
562124040052
562124040033
562124040034
562124040036
562124040041
562124040010
562124040004
562124040032
562124040017
562224040024
562224040017
562224040022
562224040020
562224040013
562224040027
562224040016
562224040015
563024040067
563024040022
563024040021
563024040028
563024040033
563024040035
563024040065
563024040050
563024040047
563024040038
563024040052
563024040068
563024040030
563024040034
563024040087
563024040061
563024040060
563024040055
563024040039
563024040054
563024040084
563024040062
563024040057
563024040053
570124040026
570124040025
570124040028
570124040027
580024040008
580024040006
580024040005
580024040024
580024040001
580024040011
580024040021
580024040017
580024040010
580024040020
580024040023
580024040016
600124040083
600124040086
600124040093
600124040091
600124040090
600124040089
600124040084
600124040082
600124040085
600124040094
600224040033
600224040034
600224040025
600224040029
600224040030
600224040002
600224040004
600224040005
600224040019
600224040009
600224040010
600224040013
600324040028
600324040029
600624040005
600624040012
600624040003
600624040038
600624040008
600624040037
600624040004
600624040007
600624040011
600624040014
600624040017
600724040017
600724040088
600724040025
600724040021
600724040029
600724040030
600724040027
600724040036
600724040037
600724040038
600724040003
600724040073
600724040007
600724040022
600724040089
600724040015
600724040005
600724040008
600724040019
601124040052
601124040053
601324040047
601324040030
601324040031
601324040033
601324040032
601324040046
601324040051
601324040014
601324040049
601324040048
601424040052
601424040055
601424040042
601424040054
601424040059
601424040053
601424040058
601424040020
601424040037
601424040041
601424040036
601424040038
601424040039
601424040040
601424040043
601424040056
601424040057
601424040060
601424040033
601424040051
601424040061
601624040037
601624040036
601724040002
601724040001
601724040007
601724040041
601724040025
601724040009
601724040016
601724040014
601724040037
601724040012
601724040013
601724040040
601724040039
601724040003
601724040034
601724040035
601724040004
601724040031
601724040044
601724040005
601724040008
601724040018
601724040033
601724040015
601724040036
601724040011
601724040019
601724040022
601724040029
601724040028
601724040020
601724040038
601724040043
601824040025
601824040026
601824040024
601824040023
601824040022
601824040021
601824040027
601924040016
601924040015
602224040045
602224040044
602424040071
602424040070
602424040075
602424040073
602524040007
602524040008
602524040009
602524040045
602524040022
602524040023
602524040026
603124040008
603124040023
603124040028
603124040014
603124040017
603124040006
603124040007
603124040009
603124040011
603124040015
603124040016
603124040018
603124040022
603324040051
603324040009
603324040064
603324040066
603324040050
603324040052
603324040013
603324040062
603324040010
603324040008
603324040012
603324040054
603324040061
603324040059
603324040058
603324040057
603824040035
603824040039
603824040014
603824040020
603824040021
603824040022
603824040036
603824040033
603824040032
603824040019
603824040038
603824040018
603824040017
603824040024
603824040007
603824040041
603824040047
603824040053
603824040051
603824040049
603824040030
603824040016
603824040015
603824040002
603824040044
603824040043
603824040006
603824040045
603824040050
603824040025
604024040048
604024040045
604124040050
604124040041
604124040042
604124040043
604124040047
604124040044
604124040034
604124040040
604124040132
604124040133
604124040129
604124040131
604124040130
604124040006
604124040038
604124040048
604124040051
604124040054
604124040053
604124040001
604124040037
604124040039
604124040008
604124040007
604124040128
604124040127
604424040052
604424040050
604424040051
604424040047
604424040045
604424040048
604424040049
604424040046
604724040054
604724040051
604724040052
604724040053
604724040049
604824040027
604924040004
604924040003
604924040002
604924040005
605024040030
605024040033
605024040032
605224040046
605224040045
605224040044